c <- 1
b <- 3
